NO_DISC_COUNT=20713
NO_DISC_AOV=49211.62516294115
NO_DISC_SHIP=4083.998937865109
WITH_DISC_COUNT=135
WITH_DISC_AOV=276527.6962962963
WITH_DISC_SHIP=20452.266666666666
